<?xml version="1.0" encoding="utf-8"?>
<COLLADA xmlns="http://www.collada.org/2005/11/COLLADASchema" version="1.4.1">
  <asset>
    <contributor>
      <author>Blender User</author>
      <authoring_tool>Blender 2.77.0 commit date:2016-04-05, commit time:18:12, hash:abf6f08</authoring_tool>
    </contributor>
    <created>2018-09-15T15:16:52</created>
    <modified>2018-09-15T15:16:52</modified>
    <unit name="meter" meter="1"/>
    <up_axis>Z_UP</up_axis>
  </asset>
  <library_images/>
  <library_controllers/>
  <library_visual_scenes>
    <visual_scene id="Scene" name="Scene">
      <node id="Armature" name="Armature" type="NODE">
        <matrix sid="transform">1 0 0 0 0 1 0 0 0 0 1 0 0 0 0 1</matrix>
        <node id="hips" name="hips" sid="hips" type="JOINT">
          <matrix sid="transform">-2.73097e-7 -8.99663e-4 0.9999995 -0.002860652 0.9999999 5.82077e-11 2.73212e-7 0.0305851 -3.49246e-10 0.9999994 8.99808e-4 1.084397 0 0 0 1</matrix>
          <node id="spine" name="spine" sid="spine" type="JOINT">
            <matrix sid="transform">0.9998682 -0.0162406 4.29259e-9 -0.005508581 0.01624059 0.9998677 -8.99661e-4 0.3278434 1.46067e-5 8.99543e-4 0.9999996 -0.004389164 0 0 0 1</matrix>
            <node id="head" name="head" sid="head" type="JOINT">
              <matrix sid="transform">-0.04788011 0.02500475 0.9985399 0 0.02243426 0.9994613 -0.0239521 0.8127453 -0.9986011 0.02125467 -0.04841529 0 0 0 0 1</matrix>
            </node>
            <node id="arm_r" name="arm.r" sid="arm_r" type="JOINT">
              <matrix sid="transform">0.6913072 -0.01081421 0.7224149 -3.32847e-4 0.004560619 -0.9998027 -0.01932584 0.792248 0.7221799 0.01665236 -0.6902805 -0.3758376 0 0 0 1</matrix>
            </node>
            <node id="arm_l" name="arm.l" sid="arm_l" type="JOINT">
              <matrix sid="transform">0.6913072 -0.01081421 0.7224149 -3.33022e-4 0.004560619 -0.9998027 -0.01932584 0.792248 0.7221799 0.01665236 -0.6902805 0.3629532 0 0 0 1</matrix>
            </node>
          </node>
          <node id="leg_r" name="leg.r" sid="leg_r" type="JOINT">
            <matrix sid="transform">1 -3.04006e-10 2.0339e-7 0.003907001 -1.55859e-10 -0.9999998 7.66298e-4 -0.07562673 2.03391e-7 -7.66298e-4 -1 -0.1381031 0 0 0 1</matrix>
          </node>
          <node id="leg_l" name="leg.l" sid="leg_l" type="JOINT">
            <matrix sid="transform">1 -3.04006e-10 2.03363e-7 0.003906937 -1.55837e-10 -0.9999997 7.66298e-4 -0.05908525 2.03364e-7 -7.66298e-4 -1 0.1389585 0 0 0 1</matrix>
          </node>
        </node>
      </node>
    </visual_scene>
  </library_visual_scenes>
  <scene>
    <instance_visual_scene url="#Scene"/>
  </scene>
</COLLADA>